src-tauri/src/voice_intent/grammar/en.rs
  s_7724aa1accb26b::t_3894265607200d 1-115
src-tauri/src/voice_intent/grammar/mod.rs
  s_7724aa1accb26b::t_22ebe9fccacd01 1-78
src-tauri/src/voice_intent/grammar/zh_hans.rs
  s_7724aa1accb26b::t_d81e372a8f8cef 1-105
src-tauri/src/voice_intent/grammar/zh_hant.rs
  s_7724aa1accb26b::t_9dffabe613756b 1-98
src-tauri/src/voice_intent/guards.rs
  s_7724aa1accb26b::t_e8f280b6180953 1-324
src-tauri/src/voice_intent/mod.rs
  s_7724aa1accb26b::t_a6eab12dcdc204 1-3,7-644
src-tauri/src/voice_intent/normalize.rs
  s_7724aa1accb26b::t_002c0eb48b638d 1-128
src-tauri/tests/fixtures/generate_voice_intent_fixtures.mjs
  s_7724aa1accb26b::t_509d688d0219a0 91-95,97,105-106,263,266,292-304,491-494,497-500,502,510-511,626-635,690
src-tauri/tests/fixtures/voice_intent_en.json
  s_7724aa1accb26b::t_bfc3fff7a74716 56,75,94,2533,2552,2647,2666,2834-2910,2929,2948,2967,2986,3005,3024,3043,3062,3081,3100,3119,3138,3157,3176,3195,3214,3233,3252,3271,3290,3309,3328,3347,3366,3385,3404,3423,3442,3461,3480,3499,3518,3537,3556,3575,3594,3613,3632,3651,3670,3689,3708,3727,3746,3765,3784,3803,3822,3841,3860,3879,3898,3917,3936,3955,3974,3993,4012,4031,4050,4069,4088,4107,4126,4145,4164,4183,4202,4221,4240,4259,4278,4297,4316,4335,4354,4373,4392,4411,4430,4449,4468,4487,4506,4525,4544,4563,4582,4601,4620,4639,4658,4677,4696,4715,4734,4753,4772,4791,4810,4829,4848,4867,4886,4905,4924,4943,4962,4981,5000,5019,5038,5057,5076,5095,5114,5133,5152,5171,5190,5209,5228,5247
src-tauri/tests/fixtures/voice_intent_zh_hans.json
  s_7724aa1accb26b::t_99b1b430b99411 56,75,2587-2663,2682,2701,2720,2739,2758,2777,2796,2815,2834,2853,2872,2891,2910,2929,2948,2967,2986,3005,3024,3043,3062,3081,3100,3119,3138,3157,3176,3195,3214,3233,3252,3271,3290,3309,3328,3347,3366,3385,3404,3423,3442,3461,3480,3499,3518,3537,3556,3575,3594,3613,3632,3651,3670,3689,3708,3727,3746,3765,3784,3803,3822,3841,3860,3879,3898,3917,3936,3955,3974,3993,4012,4031,4050,4069,4088,4107,4126,4145,4164,4183,4202,4221,4240,4259,4278,4297,4316,4335,4354,4373,4392,4411,4426,4430,4445,4449,4468,4487,4506,4525,4544,4563,4582,4601,4620,4639,4658,4677,4696,4715,4734,4753,4772,4791,4810,4829,4848,4867,4886,4905,4924,4943,4962
src-tauri/tests/fixtures/voice_intent_zh_hant.json
  s_7724aa1accb26b::t_62894bfc462f37 56,75,2587-2663,2682,2701,2720,2739,2758,2777,2796,2815,2834,2853,2872,2891,2910,2929,2948,2967,2986,3005,3024,3043,3062,3081,3100,3119,3138,3157,3176,3195,3214,3233,3252,3271,3290,3309,3328,3347,3366,3385,3404,3423,3442,3461,3480,3499,3518,3537,3556,3575,3594,3613,3632,3651,3670,3689,3708,3727,3746,3765,3784,3803,3822,3841,3860,3879,3898,3917,3936,3955,3974,3993,4012,4031,4050,4069,4088,4107,4126,4145,4164,4183,4202,4221,4240,4259,4278,4297,4316,4335,4354,4373,4392,4411,4426,4430,4445,4449,4468,4487,4506,4525,4544,4563,4582,4601,4620,4639,4658,4677,4696,4715,4734,4753,4772,4791,4810,4829,4848,4867,4886,4905,4924,4943,4962
---
{
  "schema_version": "authorship/3.0.0",
  "git_ai_version": "1.6.10",
  "base_commit_sha": "5bc5c053b58c06c1763fad5e992a174c23e080bf",
  "prompts": {},
  "sessions": {
    "s_7724aa1accb26b": {
      "agent_id": {
        "tool": "codex",
        "id": "019f45c4-aae3-7c01-b642-e464d070c436",
        "model": "unknown"
      },
      "human_author": "tover0314-w <tover0314-w@users.noreply.github.com>"
    }
  },
  "attestation_metadata": {},
  "remote_transcripts": {}
}